MKL_0 = [ 2 2 2 0 0.00014 ;  4 4 4 0 0.000121 ;  8 8 8 0 0.00019 ;  16 16 16 0 0.000711 ;  32 32 32 0 0.003226 ;  64 64
64 0 0.016561 ;  128 128 128 0 0.161266 ;  256 256 256 0 1.01096 ;  512 512 512 0 7.86814 ;  1024 1024 1024 0 52.3178 ;
2048 2048 2048 0 274.801 ;  4096 4096 4096 0 2178.68 ;  8192 8192 8192 0 17065.6 ; ];
STRASSEN_1 = [ 2 2 2 1 0.000832 ;  4 4 4 1 0.000892 ;  8 8 8 1 0.001021 ;  16 16 16 1 0.001503 ;  32 32 32 1 0.004719 ;
64 64 64 1 0.018435 ;  128 128 128 1 0.089349 ;  256 256 256 1 0.778215 ;  512 512 512 1 4.77941 ;  1024 1024 1024 1 45.677 ;  2048 2048 2048 1 270.951 ;  4096 4096 4096 1 2017.43 ;  8192 8192 8192 1 16975.1 ; ];
STRASSEN_2 = [ 2 2 2 2 0.001362 ;  4 4 4 2 0.005701 ;  8 8 8 2 0.006663 ;  16 16 16 2 0.007664 ;  32 32 32 2 0.012343 ;
64 64 64 2 0.035808 ;  128 128 128 2 0.147128 ;  256 256 256 2 0.732268 ;  512 512 512 2 6.70168 ;  1024 1024 1024 2 57.1755 ;  2048 2048 2048 2 379.93 ;  4096 4096 4096 2 2268.4 ;  8192 8192 8192 2 16086.3 ; ];
STRASSEN_3 = [ 2 2 2 3 0.003887 ;  4 4 4 3 0.008746 ;  8 8 8 3 0.038382 ;  16 16 16 3 0.043703 ;  32 32 32 3 0.050626 ;
64 64 64 3 0.082707 ;  128 128 128 3 0.259742 ;  256 256 256 3 1.11385 ;  512 512 512 3 6.01032 ;  1024 1024 1024 3 51.7555 ;  2048 2048 2048 3 373.382 ;  4096 4096 4096 3 2550.98 ;  8192 8192 8192 3 15212.7 ; ];

